100 
1 
78081 
47 
20631 15644 92690 71328 63616 40518 89290 50994 88908 13708 58268 64187 65543 88827 63458 80361 3087 99199 3476 64571 67682 91236 70203 33457 25367 14859 51317 42634 50412 29399 16481 87396 61395 25523 58724 25012 82393 64366 92358 71301 94426 66978 35489 76322 72157 98947 56683 
45 
98147 76511 39816 82181 67747 26371 15638 9466 41231 83308 52100 7995 29059 68581 95391 90454 94105 70467 31818 76498 51186 24177 47800 45612 91155 83289 21934 63313 98588 94969 54910 13087 71480 11078 95269 55580 37450 10907 65046 78681 94215 17147 86676 23274 85728 
68 
13729 96185 68887 45547 89036 20073 86076 36836 65686 77232 36477 87620 40545 51417 82590 11807 64505 54070 22885 59774 9650 60335 87033 91049 55368 81249 8196 58397 20875 10276 56817 50956 6462 25704 12856 95498 45778 98932 48686 11464 76164 1515 15436 33061 52932 14378 44868 33789 84801 84106 93563 10803 44441 80597 1852 99810 78198 10048 58207 99073 20325 15024 50030 43139 57080 62886 54989 2858 
70 
20027 30674 54335 37894 46111 3748 90826 76841 64969 40968 61642 49075 34531 72446 9868 31480 74298 9678 26030 699 84237 25104 37376 15613 91486 96867 72694 70724 51856 75552 48894 71883 6227 19581 9777 68690 39682 16955 45531 4651 74275 7174 70078 8807 95972 79946 56639 86622 5977 82670 87321 90214 24126 41049 22180 31964 37916 94874 2688 89772 86778 51582 78007 93005 87516 4136 78047 27198 37444 23579 
1 
11719 
5 
18279 36878 43077 14577 93518 
99 
20554 92540 33373 27121 33018 74422 49301 64982 28691 60527 67670 18463 47305 35604 12823 56663 23120 33311 34710 66670 70755 74641 14871 82475 21746 33150 35705 64823 64080 45575 10875 84634 38115 60600 28107 87485 51374 77408 52467 80065 37935 36489 14881 1593 88446 27704 58256 27918 61015 92966 94589 48123 67608 9460 46950 5706 58963 82655 86882 23043 28231 97757 24029 82698 58357 52137 70184 26083 29545 39003 6149 83833 75493 21030 85426 80291 65086 43682 8209 42453 53000 2798 90576 36960 28611 53878 42667 87574 36534 29549 26969 64765 43658 50998 47463 18367 3135 33999 44450 
33 
73003 50599 32866 64848 87981 34644 45139 69419 94678 69700 11873 64030 88851 18801 991 17462 72680 60010 21388 25566 5911 48357 90331 65921 15707 54146 84288 18843 88146 45090 67876 61149 95690 
94 
42349 23 51738 87488 69443 62768 57188 81316 26798 46039 16469 27789 79853 5501 4151 1241 31067 26414 65950 21398 92335 81658 91897 76623 16853 80043 21714 84729 57544 33756 18175 99893 50131 69913 3733 19574 32681 77273 17242 59479 39665 33712 3621 19518 39213 24124 37112 70281 50539 3062 8031 42874 1072 99928 35850 17925 96323 73916 19006 70219 7672 37181 70112 74155 23446 90197 93730 72479 67471 27324 48311 7136 61036 51932 26654 16602 92408 80118 3235 42947 99533 27618 2174 605 43899 38024 34883 40222 11940 53889 10442 35964 7423 96906 
19 
30869 3456 20201 3349 70927 47526 51660 78063 24914 19944 21069 57868 28704 17540 77455 71652 17073 5074 90178 
30 
48973 28202 85265 5547 56494 55507 32341 8810 62930 45600 35281 10151 49056 71835 13500 19983 19361 81512 14398 60627 17808 51819 18496 46513 69359 95951 34517 2784 17377 24695 
15 
66350 69249 22080 88250 42095 77587 20591 50905 56869 66191 2538 67021 15247 74373 80521 
82 
10086 78386 65980 70714 96194 34152 5562 42707 3511 1513 77224 6296 18891 1919 59463 1593 71168 81543 6195 13263 75483 26787 80520 32352 9330 83059 99373 24578 73784 96247 92512 83871 74633 58493 70937 70827 92645 76499 29887 12508 94364 7111 18804 29607 25383 78267 31201 12903 76163 53748 42519 67998 80535 23039 350 89866 22450 99724 30796 12587 12323 23308 96458 86956 98153 83747 74135 7150 60246 4022 19659 54610 11134 54815 570 52869 49435 48123 65772 41950 1871 8291 
48 
82407 47683 10298 88625 70133 26374 19421 99072 38697 59081 11882 25653 57235 95629 99789 80737 72227 3811 396 26838 31297 71564 27408 84166 20999 91883 66291 62949 93754 74582 72897 76161 22265 99547 64786 8751 25922 559 24175 64619 75993 36058 6625 49580 31687 22766 30317 3915 
29 
47066 47105 74227 18630 90865 74745 39629 82748 57388 18930 76502 31971 8179 69016 70588 7726 50154 95691 33648 67066 19867 14620 43059 72277 21245 92639 3964 60363 39308 
31 
3292 86374 87688 93871 5004 94905 84969 60985 94005 42357 79915 86860 90680 88094 55876 61269 95821 22382 73312 45821 89448 9531 60441 48859 81808 98038 41498 2125 58401 97159 42708 
46 
83533 30397 71917 88538 25302 56886 65875 35660 99244 45791 22520 89924 50237 78396 67545 62410 778 57210 8232 6579 66741 85025 55438 48550 99416 13289 67027 57817 10448 9735 52215 93981 40132 24133 98871 81787 97371 81099 17447 96615 26890 39967 2892 93479 34715 86789 
90 
51845 43999 64122 58424 10741 65499 13863 75643 64915 43504 42670 39085 53952 52405 91300 64285 8890 15433 79509 7029 12805 60608 40828 25772 3850 97147 45016 97329 31862 31806 53219 59 75805 33693 58484 2898 99193 88699 78541 64108 48555 37563 3193 2507 6321 94494 66792 31563 26279 62653 38592 55436 23261 95772 81209 27111 92919 42577 24441 41133 74383 94012 41192 50189 27706 16028 53087 26899 21079 47981 91007 69634 1896 10553 88493 8217 21399 71638 56132 47678 34291 94724 19467 57553 90496 17028 1016 99767 59605 41809 
0 

89 
35822 98445 530 63528 14473 69969 6779 51905 34302 14138 21539 36199 24691 26385 60768 62442 98023 16901 10121 32314 27977 45940 6219 18474 62968 23588 34593 22573 65397 91846 72914 1219 90291 73444 81099 21116 43414 87878 73021 77716 2017 10913 30267 43060 37298 91036 5503 35321 7937 31976 83987 35914 94268 6559 70740 57236 30147 21686 96161 95544 13532 69076 96764 3823 42520 94215 24939 2286 82094 14313 96355 463 25226 42974 59875 62524 34010 81730 14197 58299 30058 14536 94214 24326 21095 81306 97914 51242 2992 
76 
46787 16524 63152 59903 36699 22024 54118 61639 40663 52564 75952 53370 69379 17530 96344 45607 80054 46707 27337 10603 5006 73748 25139 15572 14426 62587 13231 12341 13829 16223 22769 76968 49100 2273 36871 85799 40649 7342 63790 81312 76258 39742 51034 45638 57272 63731 91245 53678 10438 34934 80633 15444 25034 22125 47369 39461 84712 60600 68154 14893 93175 90923 91862 42275 93196 45085 44427 33845 68779 8217 31510 45038 64312 98896 7028 21584 
27 
98273 91615 73065 49559 88600 4862 74594 10725 52231 30407 11789 29183 98561 26683 22358 89484 34897 80986 99032 96334 25413 49229 65114 33630 80739 10152 14294 
88 
17180 52231 58615 31805 43846 31681 97716 48798 52895 72310 59524 21478 19069 87665 50661 17630 30700 89371 23466 65597 70357 38850 61932 12122 88080 43398 45753 85171 53550 76399 81159 87082 28630 39775 18887 72476 87808 16603 37627 40703 5266 97151 78533 40687 1168 29194 58318 31869 34917 98136 13818 5275 53339 92102 17397 41419 35500 79502 42942 5402 72254 24102 92484 884 80229 27723 73361 68037 44327 10988 25092 65945 24491 19977 6632 42011 65523 81302 90232 440 95791 4051 22067 49130 12505 55817 90549 64358 
71 
33491 86112 23925 73945 78597 24810 54174 6320 14523 38563 66999 41863 80007 32944 82706 99984 55929 24717 65507 37231 14950 65948 33022 35353 4367 82152 64210 60184 89053 44920 11856 38897 31033 35781 12842 9630 76943 83369 32302 91466 38284 99302 33329 18292 48598 16035 34628 4527 57105 136 41759 88407 82436 91133 40112 3155 73286 4322 63340 78691 49243 91548 17588 80276 43681 46783 6258 20625 46504 38560 12091 
88 
54214 61773 19432 2813 94160 54061 23692 67617 70549 65451 56024 52985 72937 96136 72492 62575 16811 35832 41266 66054 27380 75207 62682 71062 38342 68940 8039 84846 23852 36482 85986 78067 98255 5419 97232 8768 59480 20924 76385 30029 2728 48762 99366 75665 44898 71858 38240 61709 24043 95858 44115 67775 87417 23149 55189 25759 92089 63228 10605 32294 99711 12944 10361 14318 18363 7593 23086 94195 28517 15824 40576 31245 64586 56294 23262 25836 28152 61502 87546 68547 73713 48013 36323 61130 71163 91512 86890 79604 
93 
13847 11898 70804 26791 38611 1474 61506 46204 40913 55701 91074 56737 96277 38671 37675 52571 61934 63511 97076 39788 67409 81975 13501 31775 18298 90984 19290 26163 94226 98894 13608 8073 27145 84412 51217 82108 2238 29075 44665 43151 84777 35739 16240 97406 90762 70267 66330 52696 33779 63406 8837 17540 45381 38690 49315 80032 29674 84957 22547 23900 83852 36155 48326 27349 36919 15895 9457 39157 44970 54122 98661 46099 6213 31253 43506 96976 17873 9836 66024 68004 89594 74861 85544 51327 13552 51212 47711 59578 36169 70258 83479 36373 22765 
57 
80074 59684 64052 5884 15194 25374 76358 30207 71474 82572 77812 31332 95900 95685 57520 78276 63689 47114 69490 65586 14793 83042 16798 62505 58972 69319 49115 42451 22045 71881 6960 2119 47917 71012 8003 79463 96387 84362 26022 84213 83286 3835 15545 95538 99520 73065 73814 79562 36531 43304 45148 51324 42698 78298 30181 1671 47617 
97 
60474 69662 67530 67435 88134 31799 38447 96137 11263 51186 96851 37285 51751 96489 41120 67296 92027 56993 56713 65842 52907 9596 25498 98055 77273 84549 92705 7454 86220 56674 3103 46694 42689 86985 30481 30823 18785 85281 43312 30048 36467 40164 83685 88219 36653 41158 71867 45033 14503 44933 27227 67410 70881 52725 81817 48154 37274 74522 71961 39846 31196 91416 2893 73885 78402 33374 21060 13539 18655 64373 43587 71475 20889 43624 76046 73894 84782 64265 18927 99285 9198 46154 66695 96432 15232 64864 44586 68858 39386 32899 8705 86935 40668 11598 77172 19070 61324 
33 
32609 79980 78958 92548 51455 99847 36172 27501 73741 37307 91766 9021 36592 17317 71527 19640 13749 86759 84504 74687 71970 40243 23939 80675 27178 64607 8625 20702 29 86301 35287 48990 66281 
45 
57890 34088 30444 10414 77941 20538 47721 69708 29559 666 3377 1086 20306 33478 4198 21162 24517 76168 61405 48456 56843 4935 29415 81820 25638 29444 84473 77277 94786 50755 7875 52676 1195 38319 63091 79137 58857 27164 65197 4768 27830 68574 5855 48136 18404 
53 
69299 42921 86221 47056 91378 59416 51992 37145 57588 93982 66590 42061 71259 61376 9168 79134 30405 10364 33806 93496 89501 92663 20660 54698 97432 64843 39624 19639 12979 58028 29692 98630 949 32265 45687 8679 91681 14031 45825 65621 8013 12415 7682 79272 90143 16851 74759 20548 27215 8565 30396 33068 17580 
9 
87766 31364 32252 27390 51003 61583 85418 97047 76566 
19 
29312 22253 11399 37345 52636 57224 2966 60649 69639 27001 56273 76134 43852 31032 13035 87419 55949 59783 20487 
82 
27192 24605 21246 75796 51995 88602 53732 53765 2001 30298 56484 47666 68903 67883 85011 21539 25107 4330 82188 11098 31331 54813 3585 91535 2198 32972 95306 58147 92755 15793 64381 19948 56750 1980 12096 25097 90582 65828 78862 8935 96126 51698 56601 81381 35934 57965 2920 77393 78647 1460 88492 26330 56274 8429 17865 58472 41401 13171 16619 34156 45316 97353 70456 18418 99333 98905 43515 6267 64733 22377 15202 77212 90427 88156 58593 26361 46121 61514 3755 41120 62974 8599 
50 
19248 17028 85315 94072 74781 14838 27044 25289 76506 24397 95746 94924 23730 94651 54791 29997 75736 93520 61551 52948 83947 49707 27894 10309 12180 89408 30416 53300 68734 39015 20750 4335 72395 22417 98407 63528 53607 25451 88817 46465 66200 915 57741 89930 11918 12532 36279 87655 6052 97831 
55 
90000 63890 84849 16661 76071 90609 63429 45723 59344 18796 82826 80031 91191 5243 94790 71071 75203 20242 59888 21668 2794 60804 79410 92725 72722 91942 29004 76729 14347 43187 33685 20699 7078 34886 37360 83149 25496 789 45224 1192 19585 28050 97575 27128 33294 92365 14551 24849 28959 74439 46517 31754 51595 42279 24479 
70 
50574 69835 17399 64921 13023 67436 85620 36453 2323 39332 35954 44171 56473 81178 61715 92410 9229 59290 35890 58875 51655 50441 83724 80615 24880 46593 12369 92828 5225 53200 33498 55799 23035 67249 37072 52410 34686 39044 88863 53361 78376 24817 13884 51201 22348 75599 43611 31577 51241 79501 90452 2896 29942 90528 99863 71174 53473 28584 80354 58698 81784 13852 14497 21172 97454 51569 89934 48492 6965 95150 
5 
85341 19967 32089 36542 58667 
40 
96505 90244 75281 76006 97048 94529 22300 3928 10745 9827 57402 39329 6533 16100 37466 20386 46950 74990 34192 14871 64924 82684 21837 76426 889 23530 12746 49330 60073 71413 73370 72930 61658 65003 65289 75058 75884 87589 78987 86629 
68 
36389 42311 20302 68841 96129 57040 15791 71119 91232 30663 52395 90268 68852 28822 91157 92382 57920 40487 68807 29333 30209 41738 7343 11564 7027 82402 3800 10968 61389 6782 24737 14130 49093 61391 82971 61574 18431 15115 32693 26015 62130 1440 16283 30982 46614 23792 23364 4534 80631 92172 33868 10840 33910 41211 38756 40937 23613 58908 51905 1354 65690 92994 31836 31135 54385 31160 92709 72816 
75 
41754 15183 8405 43195 31466 39387 89809 55258 62751 94344 35889 54923 44564 63081 5185 85775 18189 46122 25741 77098 14380 43447 42788 7374 75284 90276 61760 6444 82985 50928 69071 41092 66112 77476 84287 13930 33215 90448 69189 95966 1144 21430 67242 45708 864 72427 47836 19053 34902 89929 12503 49282 33376 71644 56656 25012 61920 34768 47808 61257 85697 16879 2349 68161 10707 2988 82091 43922 93437 67632 56241 94581 5415 23483 40290 
79 
12262 4478 41684 63516 94407 54188 12798 44135 25832 85807 69148 4104 36927 33308 65361 38976 50188 84063 7137 60895 87051 5581 21170 80488 73213 77411 75070 94980 17246 31712 17611 45860 36190 59296 9377 30597 29836 38527 74732 55668 24334 60232 76124 77614 93541 41485 16590 60081 41900 23728 20976 28952 45661 58498 9440 35226 35909 862 30207 53155 32574 47818 15368 85116 23466 24745 15713 53302 63272 6798 8970 3959 67030 1446 81573 76923 59284 98163 37004 
84 
38243 74333 30136 256 32831 55929 35483 85093 56791 82042 54600 5718 29860 69968 90834 53327 94713 22900 6629 57986 29698 31952 78297 13080 49750 59870 6356 9034 74385 43360 10219 28981 34045 56707 29237 66877 12636 64720 68322 85780 46762 22922 91498 92975 92891 98684 62654 3956 21584 85635 61942 67634 33939 56591 97067 83690 16461 19775 92724 90847 79487 19295 36180 13533 76003 65417 96762 4991 46490 65084 90771 9604 4358 98621 2579 13601 13658 81585 17558 51594 67221 95852 19229 1160 
44 
32648 84850 68905 68775 93927 76104 48262 13222 12284 78147 5577 94054 74909 10569 40544 56345 1340 50148 77056 16314 69080 90657 29972 50665 8215 81566 17886 20420 17147 19047 72864 66147 20249 58121 34922 30528 34226 83185 43751 62862 77684 49328 56916 52594 
97 
13812 25291 77590 63961 18699 93904 33041 9357 23876 83706 33924 5442 17945 54344 22590 53344 27208 88737 73593 85330 40012 4122 35908 39549 64225 15122 17233 29905 88391 86179 6155 2203 11471 97 82516 30170 94001 31909 55879 34229 15616 89804 56023 49913 44148 94965 3257 87709 55 93202 89391 40067 13676 25299 79616 77901 56773 96849 24159 45164 83029 46666 63720 10852 46763 46236 57374 40764 78146 13254 91345 10114 19410 47368 60027 79910 42334 63284 67619 42389 72838 57010 82456 86515 98661 78424 80768 55435 75273 4927 16951 74654 51593 80671 85506 98356 26908 
33 
55472 21406 88839 46817 47872 8249 10538 7899 88159 52872 87535 72131 11613 60373 29141 10421 63240 44155 88845 44009 99590 80470 48936 16541 55125 16882 13565 56983 15238 56825 32568 87063 78231 
7 
50232 42455 46008 60770 50354 50520 29994 
41 
22651 41607 30966 68144 68380 10559 12299 57225 54568 11889 54048 3504 44783 9173 36738 58348 82508 68329 31525 15077 55392 9756 52836 21976 52211 98845 82747 18917 49365 29093 89510 88368 87053 36828 56512 55433 47387 68812 29011 1955 97053 
59 
21812 58188 8584 74902 32888 7444 43231 64413 22521 14975 90521 75358 36952 59084 90555 36051 94353 39920 65144 83863 28288 52197 37044 1152 23983 84431 86316 69346 2739 99722 52405 40903 57910 77341 15805 7151 84785 59037 71564 23659 90364 78438 15369 27316 37522 5924 63367 31876 62196 44864 32091 6836 97061 69135 7988 37396 69919 94305 6742 
10 
94027 75499 29913 68289 52840 62070 75440 53978 37459 63357 
89 
27824 41795 9358 55140 79317 31634 34860 11193 93830 79724 43285 17018 93137 28772 25006 30534 98691 35663 53628 87701 46042 29128 33966 14332 98320 96037 6124 52298 49848 69481 46287 77672 11276 71997 49165 6946 3631 84025 34491 13813 80101 94128 30831 73238 22901 72190 20124 37944 24205 73753 41998 70248 19233 92316 932 17553 88353 23408 69852 54554 92890 32491 48578 20518 4489 97743 43816 8120 98120 78308 38286 78221 72436 69117 67812 11689 57659 4288 49634 81865 94393 7984 68465 13626 300 69397 31180 5006 9157 
84 
59560 2047 49875 8138 38918 70716 5882 82734 95189 20354 77394 33475 14928 49831 18944 99092 61520 76604 3380 27506 74821 97774 35490 43286 27752 35791 29035 75284 40797 38192 92668 16709 40240 58896 24847 95510 45964 47081 94596 41153 67436 71991 74628 82364 38174 9925 81456 16046 86529 1188 43553 61350 15314 95395 20988 43067 47538 50023 34703 88335 88215 27372 5044 44807 2620 46244 56669 64936 93325 51266 6090 77113 23257 97070 59477 77783 6995 57285 93829 9876 74826 53734 87578 90140 
30 
8566 49559 96668 74941 84263 1356 63157 27987 22752 24316 46959 68996 80986 11895 78674 32252 17985 55787 71861 31408 31617 49644 38403 5254 43473 64632 80080 97208 68562 70221 
90 
93481 36132 59358 68422 20395 77066 31579 64734 99819 55896 11693 85167 53234 23589 63841 85486 57926 19629 57347 89334 51246 23343 44090 56500 83168 25074 52933 80376 93636 23154 59418 87117 75638 35129 55540 12386 12195 3471 77120 28366 75719 88814 13534 28953 28755 77375 30791 3033 13356 88138 92368 80954 27833 52810 37455 11002 77884 90388 7730 71520 29894 67149 74990 21884 2278 46882 34270 30825 50353 11391 59192 42425 16557 89078 71378 45312 82805 2170 48345 96162 6660 57065 77116 34494 9875 30923 61848 4111 37663 69578 
84 
83909 36727 66974 5794 55357 13856 40064 2535 80561 51455 61727 22986 84364 67157 10717 29676 49962 29239 94374 62476 52251 67791 55945 3097 77667 86868 64945 98130 40884 34524 90114 24793 87603 57088 30587 59313 87296 87004 61848 67858 54811 39927 7196 39176 7084 34265 85204 73398 63504 95930 35875 15756 63722 91820 18853 57741 95040 83799 55871 35924 34675 45986 60718 38630 19426 7657 97943 23075 11013 76143 7285 65825 16070 14481 21353 39506 65099 6557 12905 28603 2488 48780 60711 82562 
52 
79565 40303 51992 79716 96174 4269 30743 58512 81339 69373 94291 88996 83669 17366 16362 76164 24651 82187 8587 55484 3540 48093 20583 26449 77350 65539 28937 42482 26250 11499 99434 22167 68154 51427 18235 80681 72048 48978 39193 53387 34704 49836 42383 34725 67202 58745 10889 8205 57284 19476 80042 60824 
70 
16977 3626 61272 82516 32563 3755 25119 60415 3189 63638 44921 70968 81874 25602 43016 30852 81148 96403 81908 30984 55139 16633 14539 30236 27523 39096 87521 46999 35490 64697 30921 52468 68323 8546 51336 17239 12301 92807 94006 15490 56446 38927 2811 38320 80882 45827 85524 62030 58583 67433 9366 13722 84066 40257 60310 27941 95706 64183 91293 31196 45233 38566 16 13556 47112 51353 47147 59413 44160 57505 
56 
16958 12785 94067 55278 93667 56246 40803 72049 14829 24588 97767 44903 8654 38025 21566 52948 50083 85749 44241 81279 30982 99159 81296 60891 46272 49001 8038 5685 9513 81896 13293 26472 94681 7360 81750 4700 63607 38905 76749 94788 63493 90868 56044 88500 45245 77610 41448 95328 63359 2041 76608 10694 1200 74256 71585 63824 
57 
95975 69510 32770 77871 99155 75594 72552 6516 73697 93604 86475 12602 70353 97615 92448 77574 53659 80948 22819 31269 38748 18148 10981 57141 11108 21675 74693 85364 9612 38518 24973 5587 24380 74095 83459 23535 49690 72363 30051 23387 65968 32878 52341 52673 30494 44789 30247 505 42089 69419 31775 97189 87567 59108 54330 15027 97135 
24 
391 6747 83894 41716 12334 8274 15811 12145 31809 81853 84509 78213 21592 66829 11091 73934 19502 57937 18723 66102 58443 77165 35521 6570 
54 
39440 82030 28685 54467 79165 74061 54858 2264 57955 12926 14598 66229 28737 26744 14390 10591 27605 8955 32183 10786 36399 22469 30288 94336 57545 12742 69131 34710 48263 75701 9064 87703 57731 54101 42170 53248 44514 13380 55512 2469 26306 86463 85050 71396 29559 15793 98339 57164 24748 30522 67950 61147 69344 14590 
84 
26889 43685 40967 61599 91948 16669 87015 96004 90752 41117 54526 44001 1983 84259 15865 4453 10565 2328 5855 98313 31887 21648 96652 5403 46397 43527 89705 7544 12871 20648 79380 39760 64333 20348 17711 56281 53369 4726 68637 60473 62195 23164 20826 64179 7423 36692 84984 34340 39020 7191 49006 87260 28840 45658 92663 91589 89185 98721 15485 18408 19369 94866 74520 83702 31566 92231 56335 1287 13310 24973 61760 75505 64489 82587 56036 88264 35631 57372 38956 91003 64564 87962 78263 93404 
21 
87279 1345 39158 2352 16830 73919 21721 11696 48439 5423 59614 40671 78110 77253 53981 19435 39014 45838 83924 37953 18227 
40 
89936 75599 27497 80939 56515 15459 75555 66271 65432 79186 67616 20943 81538 84447 94862 3259 12495 43301 25034 88462 324 3144 65715 70657 38932 21081 16496 22856 75386 51075 11397 65322 43026 55246 62614 99542 87057 38169 82165 52490 
7 
49782 89785 15245 34229 999 34856 63076 
52 
76242 51538 60977 95738 17254 31634 34670 54687 64482 57527 30074 31909 85276 95396 74936 40522 74362 90830 43931 28883 72995 12773 62590 39129 2558 94187 89710 3557 29043 52787 80562 21637 4325 41539 17376 37931 89525 52046 92619 70360 25925 22693 2269 27553 34441 93557 84427 8804 84387 28359 37687 73735 
32 
16630 12864 43691 10817 2575 63600 56213 71714 44162 77850 76039 2053 95226 30323 7931 63625 39294 94643 89550 61987 96912 17104 12780 6822 1531 37936 91209 46242 91976 81296 87375 8606 
61 
47418 35775 13088 11018 91988 84802 71533 69839 77193 89938 81417 23868 14221 45042 63162 8864 34593 41501 5777 68049 54282 12599 85932 8570 20160 32175 546 17809 19550 25504 11970 66968 61280 41410 94338 69620 42564 82223 39459 19757 88514 20877 43626 2735 82271 6788 11600 16864 64642 17377 1265 18924 46328 87198 27494 82840 35725 44393 649 71627 69897 
71 
54947 47529 86733 49285 17150 29297 47861 72961 65407 36375 10190 9033 39110 92462 32173 67062 25678 96815 791 26944 32091 63471 30494 75938 46312 82571 36683 63313 54198 6580 8637 9145 70462 95370 74782 3964 41020 38995 76925 6427 75370 87116 31812 30833 95930 80337 97895 21608 77153 98687 64904 25596 78510 95398 1534 24822 94321 54569 4488 48519 77502 29477 57664 47964 41199 48799 51928 82219 87794 45205 4998 
17 
48673 36810 10350 44603 17148 24597 66212 10653 39636 47468 52601 18147 59219 70488 59321 53540 25057 
61 
2060 2559 9638 76076 66875 50838 24875 18803 49409 12670 80361 54408 8539 29034 91218 35241 73638 24718 59838 56202 51723 15827 3670 4325 50326 62889 91165 25999 16430 16222 6161 34842 35134 15799 10918 2009 82989 52146 20813 32399 81168 17526 86807 89707 46560 94377 24948 20198 35448 1138 92752 3523 16965 96423 24200 83643 75664 15365 9643 8446 47940 
4 
43288 83074 47955 70559 
83 
47297 22705 22248 79696 3873 39774 82855 9932 86335 93584 34880 22885 45384 36018 15638 48908 69336 28413 73108 52979 20429 4826 78974 28876 52766 11130 88516 52192 75438 75427 53627 22735 14484 75876 2431 34709 32002 1638 44641 34689 95222 79521 73927 40607 31892 5917 89515 17580 50682 78975 70559 71111 83801 65886 16339 52919 77016 4856 21463 52454 96635 75091 75189 11120 67319 93972 45829 15673 95610 6823 50363 90833 2696 40642 47792 34588 46559 53659 52168 97241 32634 39080 68352 
88 
21318 1044 2059 98334 5900 23523 67141 18887 14966 58682 30007 82285 52655 92189 97958 64617 15364 64673 71802 18060 5315 19594 69001 51874 73253 21169 65467 22240 76601 50172 55028 97919 51216 73439 12606 73468 96962 79747 92355 11928 54781 38715 10565 7436 47256 8524 88406 62620 89549 60208 80680 94865 79803 49681 63091 69408 87203 28559 91648 80156 78731 63028 94428 29947 36468 7034 3415 33430 3133 12122 61711 57914 50837 72276 81703 98093 97152 70109 60713 86702 30317 57746 97919 26472 7427 61010 95881 10982 
21 
3881 91139 84652 66910 85567 30951 3378 92601 50718 53160 12086 62841 14871 70000 30030 3500 68055 44476 17004 38164 21541 
58 
84834 79287 17977 27658 86715 95340 39891 14049 1261 43773 5188 2266 10683 7107 33217 14061 99708 288 67221 28146 79481 98445 14499 25863 18297 82554 70339 35301 37071 91881 71712 38257 71168 89689 65915 74235 1381 5807 88285 2643 49580 9825 21261 60263 16933 70830 90676 32993 71118 57897 61140 66951 72694 75639 92815 90991 74545 63154 
93 
11616 55035 98005 49873 42556 4046 32141 33143 5428 37948 21428 24423 3880 31254 62036 80495 64539 32866 71171 97532 20337 45420 58672 87288 18115 50663 80103 9106 25209 43258 51751 53177 14645 66108 19403 73553 86507 67896 6697 8287 22196 44477 32710 26076 92083 11098 22923 56622 43964 94094 54155 64301 55866 29179 51590 90333 96195 31693 15792 37756 91303 67543 7285 22301 50004 26688 12206 36511 10936 18903 44798 33132 63381 93860 59208 55464 4958 82131 28439 48922 92577 98946 13224 64796 44477 81166 55129 40672 29211 70921 94780 36867 38465 
66 
59168 88469 45106 71374 41332 56043 6630 86130 89175 86363 79990 64736 58179 84948 63219 86618 33870 72149 85564 63446 36945 30042 60964 92074 87066 90176 62996 81847 27043 17813 83913 2563 22634 45371 90289 63966 1414 96919 50096 6942 83282 30086 71678 41462 31386 51249 44432 81608 23398 46349 45055 60343 76391 6019 68770 79809 12547 31766 61656 39590 49579 61921 42153 88565 7293 32443 
31 
25059 45714 2627 32001 45349 49065 20031 86811 80451 87633 47595 62059 11031 93944 23466 87727 86687 45838 56497 66497 58385 4615 44505 14328 70546 6427 72833 59111 30072 5276 11642 
31 
67343 30621 3485 12692 79686 39868 15855 76489 27501 63450 38548 54885 57395 78367 42612 60434 40557 15461 26931 15294 20076 71437 29622 90622 94216 2456 49733 40640 24084 61375 12123 
27 
8348 15608 20471 88034 71829 36326 64523 99330 99777 19423 54215 73524 97790 96827 33958 54699 12288 77242 69994 48716 65031 15968 39338 59247 34776 89071 99887 
13 
66798 28362 82992 75146 43971 3464 79532 15800 39790 44055 31482 39567 79831 
98 
29443 93973 98877 63402 48673 27518 40644 35019 76234 5675 50987 15573 81274 2116 20996 97513 77329 4147 25875 60321 95645 86198 80137 91530 18350 19928 51937 49833 75847 31768 35531 5291 25742 50760 85045 90767 78278 25689 25786 54513 47716 93125 86438 45342 11593 23786 59207 88922 44285 1434 65596 56283 87633 45733 47813 5983 82013 99750 72168 57861 47871 24051 79504 73613 74812 64549 80732 53090 6590 22870 23955 70658 32347 26745 32352 43941 66884 91559 32863 11169 9345 14811 83804 96978 76897 31617 19314 75262 47720 7834 49475 95591 31886 28979 85556 6698 9880 66288 
40 
16470 5510 16448 3480 37857 59545 35832 81798 26429 43743 14662 53951 53089 45825 37755 50067 39074 85725 85733 14337 33445 93568 63812 29036 25454 92792 14592 48504 19024 97232 40996 35495 2742 73796 38975 40599 33342 74808 22398 76123 
51 
53412 30074 71640 15589 84182 38060 54664 69907 40145 85353 3352 50065 49165 32388 91871 58309 63332 40375 77334 76916 97724 29181 96010 71520 68156 36609 4862 59316 75359 80986 94220 45123 11060 82212 60713 11594 36624 31729 81501 76770 17082 84853 26835 66247 33593 18707 40909 13277 75434 18243 90193 
58 
63776 86203 44679 31932 39165 49541 7601 14524 46879 1821 76000 74292 385 36713 85886 37010 68442 67388 30132 1876 68593 56967 84475 2187 92026 25384 15464 67461 59979 22010 40619 23755 24565 1650 72040 80082 67544 79641 10959 14423 97814 86959 88715 98199 23672 90954 51561 8466 58342 81693 10342 26935 55013 94817 45474 47039 36554 77291 
0 

33 
99301 71472 36641 40218 73122 8681 20301 57018 4674 31260 71442 2488 34571 76509 17039 58243 67463 84953 83061 42157 66646 9755 85445 38011 20924 30919 85051 57478 8210 15903 70364 23863 87375 
5 
80434 76850 32038 735 50220 
12 
48347 21662 55552 82918 14524 88943 57513 98339 90248 56926 40497 56895 
81 
25942 94906 3957 73213 96309 77788 81424 12213 64504 21639 15940 87861 2073 9142 19899 19160 59363 72963 67507 81025 44867 66777 11901 50162 40642 10241 40411 97568 67090 13658 80601 9384 24916 84559 82597 21226 78699 80373 49791 43203 2013 65731 47416 20438 74874 67315 39599 34237 56630 23458 31614 1497 6588 43516 68011 47230 70109 8422 44799 53551 22080 41752 62935 46997 42663 61884 84575 21362 58610 34366 80917 76975 97 28333 97413 74971 12000 53364 25560 68630 76823 
75 
86479 83411 691 54491 46993 87152 79265 8144 40703 1346 49897 19990 64695 92560 98226 49270 30275 56836 83636 11192 50163 85 55878 63929 91409 67878 17293 16969 52861 10468 74144 55692 10231 91187 26535 57225 78339 5801 65369 19042 23499 31618 39032 88194 24179 53611 53816 70806 10447 53804 81998 76963 70241 54228 40892 61650 38459 74537 78620 91320 1358 52764 63364 11589 43952 89900 85166 38643 12053 66888 57686 35552 98506 13070 40098 
37 
66681 10266 9843 93481 64070 8194 86796 34311 62422 44040 12314 881 18577 90934 8553 19935 60050 71918 47877 20354 61818 49395 58998 90223 16283 33036 25775 14790 62458 82225 70179 45492 92491 80023 55325 72913 88217 
21 
7224 66991 86161 35890 67873 21090 26824 76426 57378 3227 64696 5255 23581 26514 54650 98931 33089 70934 31967 58864 2076 
78 
57441 72255 56270 49932 68630 11595 22845 73199 53716 46422 40191 56229 82312 8064 77319 25489 842 34697 28716 65539 39952 68649 8405 10955 67581 41495 98241 15900 16711 16669 26678 74153 5276 82948 40437 73907 94543 63283 47106 64611 26057 87297 20840 24721 11713 98160 50210 28908 49209 78926 10799 5514 47576 19204 16469 31509 77051 14710 47409 10115 47731 74088 84268 53007 73388 24705 26914 84284 4340 90373 48895 46749 94022 86088 71471 5736 600 21681 
96 
49809 16960 61795 55323 80888 80999 88144 12397 74403 19206 76158 84518 66937 50246 85138 19945 39987 26195 63211 24271 46888 53584 89518 93637 47607 91958 65108 69695 8910 3142 20691 58720 36454 82486 30395 33694 79837 34892 46091 54240 54098 38601 55110 21036 88848 40248 57333 45187 66444 20544 69458 13332 74129 75328 23321 38088 67287 88430 7783 76197 7924 44826 51269 60730 27312 98017 94424 23501 32909 56867 77742 87007 95468 32852 24395 668 89453 81728 45855 55897 2273 31665 85581 92754 6994 8902 47194 90633 13684 54977 83182 37960 16155 50804 98690 43467 
21 
93114 83320 98082 49981 61062 1441 45450 10267 25837 46118 99720 7565 8326 71969 26190 39991 73902 35296 63337 82804 82490 
70 
12841 53819 53505 50801 69974 4309 49492 29793 69482 42606 13114 83916 8940 90528 85357 70742 795 11194 33212 16867 35112 41538 5188 77654 81530 79090 12951 44867 78247 95441 15190 91088 65613 85047 41889 35587 5708 7733 81733 91542 50340 94847 75458 75632 85375 60815 46374 2523 88362 79586 35742 39826 37477 40931 33832 35359 36373 46783 96578 14620 58577 28120 22060 24190 13167 63950 76129 18875 71683 57862 
17 
38375 69061 2227 30359 54437 79395 93085 73312 67757 89024 25406 23935 26501 66337 57767 61860 19063 
