10 
46 
55461 57711 35002 66821 55785 92754 38348 25005 16219 38070 84829 57428 46004 30139 71707 88291 17527 90537 78941 90776 48742 80424 39114 60412 14635 1539 3358 41190 15953 71868 92289 71415 29580 43643 54588 1717 36398 92936 43074 52617 47358 27903 26398 93362 74394 98105 
53 
91922 88642 60594 82698 37385 57371 38164 14149 72006 39704 17507 29549 72009 5728 38190 43424 35308 81833 14364 53377 18231 23652 96451 87201 71010 24354 13599 64373 15100 28056 46026 7022 16698 22973 6073 70435 80344 60589 84584 68702 16645 18444 98251 88655 24172 36441 32079 75832 34627 62796 29209 69210 86448 
12 
56411 57459 82718 86362 38184 97818 14418 84210 21193 47469 7183 27266 
56 
3879 4207 35193 72582 20853 53637 70833 9508 94161 23627 57939 86345 74606 20735 31906 43816 23536 73918 228 97347 56636 2942 35531 70806 33713 36093 91999 81182 43277 35617 31790 47156 39825 66983 36090 60678 36972 6924 70186 47485 46903 44477 33830 21509 65213 82088 65325 5101 56006 81905 2448 28994 1200 37979 99801 34913 
72 
8152 32447 33701 43770 64237 97210 83595 31221 33300 60625 68193 56576 47163 15679 19831 91640 65861 57692 73205 47950 39370 78306 20308 37627 80754 65655 38827 35085 81808 73740 25510 89960 22539 75563 33730 86777 89125 33677 34350 22426 94302 18895 95354 41465 34574 31538 33106 16788 89230 22663 81090 28600 970 1398 82580 98076 83405 21407 49514 65213 11500 75024 55174 34039 66939 5256 37168 56065 38934 71518 94843 49588 
14 
90197 91054 41340 21735 40512 74480 27318 63175 55570 55918 80497 73321 38498 94926 
26 
76258 44440 38292 4110 35816 93466 54501 2755 15074 91670 58820 70360 79540 53663 19949 69954 60213 27355 27647 81948 84219 2127 9266 47394 57698 81537 
44 
47371 36387 39170 4097 28997 83610 42389 33107 35778 52207 87609 38533 83634 95631 13706 53994 75171 83721 90295 45126 43934 17650 89125 42235 1869 91252 67853 65616 65302 65742 26212 12673 18482 65382 33123 47479 65344 75512 96939 1122 44072 900 39655 27706 
31 
69713 98052 71702 53435 88348 16828 13721 5998 5953 72308 24220 13558 56514 6188 78860 38608 32400 91534 57090 14134 24657 20922 79478 16521 34213 80600 76945 35113 36607 21003 31644 
73 
19056 3346 76108 7404 36527 6181 29754 58832 94842 70326 88742 51356 92866 67603 89964 25266 75489 63407 55752 16498 681 35230 49371 34894 32182 42669 86359 85142 63672 18003 7815 99080 37701 275 22836 90580 6456 52591 65765 1298 39269 70859 69006 32136 38462 75323 73754 30303 55082 29507 63153 55763 81089 12525 7009 29624 71546 93368 14766 35218 27723 22581 50651 81776 22856 73487 72357 45664 42430 54474 63315 81700 25333 
